6 43 12 3 179 117 96 11 27 44 34 6 5 3 0
12 60 49 17 171 345 97 89 76 34 127 96 18 31 4
8 43 21 7 200 158 77 22 33 32 53 26 12 8 0
6 34 12 3 186 112 62 10 11 28 28 8 4 2 0
9 53 28 8 204 224 97 36 52 37 70 40 13 8 0
11 58 38 17 180 282 103 50 60 32 140 80 19 32 3
9 49 28 8 209 232 94 38 38 35 64 37 10 8 1
10 58 32 13 186 253 109 42 61 38 113 56 17 18 4
8 50 20 8 197 175 105 19 36 36 75 27 14 9 1
8 49 19 9 200 154 97 16 42 35 83 29 11 8 3
12 55 49 17 190 337 84 89 54 31 130 96 15 31 4
8 50 20 8 199 170 105 17 39 36 74 30 14 9 0
9 55 30 6 212 261 116 48 54 41 51 30 10 6 0
7 41 16 5 184 141 85 16 28 37 41 13 4 6 0
8 44 20 8 214 166 74 18 24 30 72 29 11 8 1
9 51 26 10 192 212 91 28 45 42 86 42 10 14 0
10 56 33 12 199 253 101 44 60 36 99 58 16 16 2
10 57 32 13 190 244 99 37 59 38 113 65 19 15 3
10 57 32 13 199 262 108 39 52 32 111 60 18 19 2
9 51 26 10 203 210 87 27 44 38 86 45 12 11 1
8 43 19 9 208 153 68 16 26 29 82 27 7 12 1
8 47 20 8 206 158 83 17 40 36 77 31 7 7 1
8 49 22 6 206 192 93 25 40 37 53 26 9 5 0
7 44 18 3 204 168 83 21 31 40 28 13 3 1 0
8 52 23 5 201 209 106 33 44 46 49 17 9 5 1
9 51 29 7 202 224 90 44 51 37 58 31 12 9 0
8 44 22 6 199 172 69 27 34 36 58 22 5 7 0
4 21 4 2 127 34 34 1 4 14 17 2 2 1 0
5 29 8 2 154 74 58 5 7 23 20 4 4 1 0
4 34 6 0 161 70 96 4 16 36 0 0 0 0 0
3 272 112 49 95 123 152 64 63 49 3
